[1,["77H6e1UYRO7qWfqNdrbkum@6c48a","51X5RY35xFRopRwTLM3xKD","f1Lk7l/oFGmqF8yOx44e6h@c00e2","7aIhrIa4dDIJc48/4pEfA4","a3c6zeWM9BG7QS4G3vR19d","89kf1PYAxO443bsD9kHAtI@cf5ee","75+kS1/UJOsZ+vqETD8tFu@c52b3","c2/iVFpUtCP7jUV8GXU2h1@1f586","99hPyksSFKs4kJKcCGrlmk@e6674","99hPyksSFKs4kJKcCGrlmk@438fe"],["_parent","mainTexture","_effectAsset","node","root","msr","data","_defaultClip","_mesh","_skeleton"],[["cc.Node",["_name","_prefab","_children","_lpos","_parent","_components","_lrot","_euler"],2,4,2,5,1,9,5,5],["cc.Node",["_name","_parent","_prefab","_children","_lpos","_components","_lrot","_euler"],2,1,4,9,5,2,5,5],["cc.Material",["_name","_states","_defines","_props"],0,12],["cc.Skeleton",["_name","_hash","_joints","_bindposes"],0,12],["cc.Mesh",["_native","_hash","_struct"],1,11],["cc.Prefab",["_name"],2],["cc.SkeletalAnimation",["node","__prefab","_clips","_defaultClip"],3,1,4,3,6],["cc.CompPrefabInfo",["fileId"],2],["b1660mQ0TBNtpwGCHPSffJ4",["node","__prefab","msr"],3,1,4,1],["cc.PrefabInfo",["fileId","instance","targetOverrides","nestedPrefabInstanceRoots","root","asset"],-1,1,1],["cc.SkinnedMeshRenderer",["node","__prefab","_materials","bakeSettings","_skinningRoot"],3,1,4,3,4,1],["cc.ModelBakeSettings",[],3]],[[9,0,1,2,3,4,5,5],[0,0,4,2,1,3,6,7,2],[0,0,4,1,3,2],[1,0,1,3,2,4,6,7,2],[7,0,2],[2,0,1,2,3,4],[3,0,1,2,3,4],[4,0,1,2,3],[5,0,2],[0,0,2,5,1,2],[0,0,2,1,3,2],[0,0,4,2,1,3,2],[1,0,1,5,2,2],[1,0,1,3,2,4,2],[6,0,1,2,3,1],[8,0,1,2,1],[10,0,1,2,3,4,1],[11,1]],[[[[5,"Bomb_Soldier",[{"rasterizerState":{},"depthStencilState":{},"blendState":{"targets":[{}]}},{"rasterizerState":{},"depthStencilState":{},"blendState":{"targets":[{}]}},{"rasterizerState":{},"depthStencilState":{},"blendState":{"targets":[{}]}},{"rasterizerState":{},"depthStencilState":{},"blendState":{"targets":[{}]}}],[{"USE_INSTANCING":true,"USE_BASE_COLOR_MAP":true},{"USE_INSTANCING":true,"USE_BASE_COLOR_MAP":true,"BASE_COLOR_MAP_AS_SHADE_MAP_1":true,"BASE_COLOR_MAP_AS_SHADE_MAP_2":true},{},{}],[[{},[{},"hitColor",8,[4,4289506476],"mainColor",8,[4,4294967295],"specular",8,[4,16777215],"mainTexture",6,0],{},{}],0,11,0,0]]],0,0,[0,0],[1,2],[0,1]],[[[6,"Skin-0",4261066029,["mixamorig:Hips","mixamorig:Hips/mixamorig:LeftUpLeg","mixamorig:Hips/mixamorig:RightUpLeg","mixamorig:Hips/mixamorig:Spine/mixamorig:Spine1/mixamorig:Spine2","mixamorig:Hips/mixamorig:Spine/mixamorig:Spine1/mixamorig:Spine2/mixamorig:LeftShoulder","mixamorig:Hips/mixamorig:Spine/mixamorig:Spine1/mixamorig:Spine2/mixamorig:LeftShoulder/mixamorig:LeftArm","mixamorig:Hips/mixamorig:LeftUpLeg/mixamorig:LeftLeg","mixamorig:Hips/mixamorig:LeftUpLeg/mixamorig:LeftLeg/mixamorig:LeftFoot","mixamorig:Hips/mixamorig:LeftUpLeg/mixamorig:LeftLeg/mixamorig:LeftFoot/mixamorig:LeftToeBase","mixamorig:Hips/mixamorig:Spine/mixamorig:Spine1/mixamorig:Spine2/mixamorig:Neck","mixamorig:Hips/mixamorig:Spine/mixamorig:Spine1/mixamorig:Spine2/mixamorig:Neck/mixamorig:Head","mixamorig:Hips/mixamorig:Spine/mixamorig:Spine1/mixamorig:Spine2/mixamorig:LeftShoulder/mixamorig:LeftArm/mixamorig:LeftForeArm","mixamorig:Hips/mixamorig:Spine/mixamorig:Spine1/mixamorig:Spine2/mixamorig:LeftShoulder/mixamorig:LeftArm/mixamorig:LeftForeArm/mixamorig:LeftHand","mixamorig:Hips/mixamorig:Spine","mixamorig:Hips/mixamorig:Spine/mixamorig:Spine1","mixamorig:Hips/mixamorig:Spine/mixamorig:Spine1/mixamorig:Spine2/mixamorig:RightShoulder/mixamorig:RightArm","mixamorig:Hips/mixamorig:Spine/mixamorig:Spine1/mixamorig:Spine2/mixamorig:RightShoulder","mixamorig:Hips/mixamorig:RightUpLeg/mixamorig:RightLeg","mixamorig:Hips/mixamorig:RightUpLeg/mixamorig:RightLeg/mixamorig:RightFoot","mixamorig:Hips/mixamorig:RightUpLeg/mixamorig:RightLeg/mixamorig:RightFoot/mixamorig:RightToeBase","mixamorig:Hips/mixamorig:Spine/mixamorig:Spine1/mixamorig:Spine2/mixamorig:RightShoulder/mixamorig:RightArm/mixamorig:RightForeArm","mixamorig:Hips/mixamorig:Spine/mixamorig:Spine1/mixamorig:Spine2/mixamorig:RightShoulder/mixamorig:RightArm/mixamorig:RightForeArm/mixamorig:RightHand"],[[[7,1,0,0,0,0,1,4.371138828673793e-8,0,0,-4.371138828673793e-8,1,0,-1.236180583417755e-19,-0.42302531003952026,-0.00022269049077294767,1],[7,-0.9991167783737183,0.04201997444033623,-1.1908454840173048e-14,0,-0.04201997444033623,-0.9991167187690735,-0.00020647625206038356,0,-0.000008676126526552252,-0.00020629387290682644,0.9999999403953552,0,0.11344519257545471,0.3881168067455292,-0.0037193300668150187,1],[7,-0.9991167783737183,-0.042019929736852646,2.495072507976981e-12,0,0.042019881308078766,-0.9991157054901123,-0.0014868021244183183,0,0.00006247531564440578,-0.0014854889595881104,0.999998927116394,0,-0.11344525963068008,0.3881189525127411,-0.001654977910220623,1],[7,1,-3.702147385624289e-19,-2.4690321445329606e-22,0,3.702148161106113e-19,0.9999998211860657,0.000666963285766542,0,-1.6491109490254053e-26,-0.000666963285766542,0.9999998211860657,0,-2.8022834466219923e-19,-0.6151986122131348,-0.0005048144375905395,1],[7,0.0011862281244248152,0.9731587767601013,-0.23013149201869965,0,-0.000671040965244174,-0.23013082146644592,-0.9731594324111938,0,-0.9999991059303284,0.0013088167179375887,0.00038004174712114036,0,0.0005073228967376053,0.11700602620840073,0.6790027618408203,1],[7,-0.0064328801818192005,0.999599814414978,-0.027545329183340073,0,0.0011307239765301347,-0.027538610622286797,-0.9996201395988464,0,-0.9999786615371704,-0.006461582612246275,-0.0009531188989058137,0,0.00026797817554324865,-0.10806847363710403,0.6710444092750549,1],[7,-0.9998729825019836,0.015918685123324394,0.0007323066820390522,0,-0.015935519710183144,-0.9988071918487549,-0.04615478590130806,0,-0.0000032903062674449757,-0.04616059735417366,0.9989340305328369,0,0.10816073417663574,0.2038891464471817,0.0056562419049441814,1],[7,-0.9997931718826294,0.018150324001908302,-0.009174169972538948,0,-0.016484832391142845,-0.4590866267681122,0.8882385492324829,0,0.011910079047083855,0.8882060647010803,0.45929092168807983,0,0.10822050273418427,0.020071934908628464,-0.03319542482495308,1],[7,-0.99896639585495,-0.0029588097240775824,-0.04535927250981331,0,-0.04535466060042381,-0.0016091454308480024,0.9989696145057678,0,-0.0030287508852779865,0.9999943375587463,0.0014732863055542111,0,0.10924254357814789,-0.06753680109977722,0.001441274187527597,1],[7,1,-1.218413784746095e-34,4.309362720593394e-39,0,1.218413784746095e-34,1,4.371138828673793e-8,0,-4.314689056056293e-39,-4.371138828673793e-8,1,0,-2.1981746398402777e-20,-0.6975588798522949,-0.00003959879177273251,1],[7,1,-1.218413784746095e-34,4.309362720593394e-39,0,1.218413784746095e-34,1,4.371138828673793e-8,0,-4.314689056056293e-39,-4.371138828673793e-8,1,0,-8.589907529074282e-18,-0.7168919444084167,-0.015474201180040836,1],[7,0.03772381320595741,0.9992877840995789,0.0009031437803059816,0,-0.00008670725947013125,0.0009070603991858661,-0.9999995827674866,0,-0.9992882013320923,0.03772372007369995,0.00012086328206351027,0,-0.015837404876947403,-0.38324442505836487,0.6604017019271851,1],[7,0.03772381320595741,0.9992877840995789,0.0009031437803059816,0,-0.00008670725947013125,0.0009070603991858661,-0.9999995827674866,0,-0.9992882013320923,0.03772372007369995,0.00012086328206351027,0,-0.015837404876947403,-0.5220353603363037,0.6604017019271851,1],[7,1,-3.702142732733343e-19,-2.4690291153070846e-22,0,3.7021435082151675e-19,0.9999998211860657,0.0006669624708592892,0,-1.6182583216882995e-26,-0.0006669624708592892,0.9999998211860657,0,-2.8022811201765195e-19,-0.47793182730674744,-0.0005048139719292521,1],[7,1,-3.702147385624289e-19,-2.4690321445329606e-22,0,3.702148161106113e-19,0.9999998211860657,0.000666963285766542,0,-1.6491109490254053e-26,-0.000666963285766542,0.9999998211860657,0,-2.8022834466219923e-19,-0.5419896841049194,-0.0005048144375905395,1],[7,-0.0034732134081423283,-0.9996147155761719,0.027538206428289413,0,0.00019372566021047533,-0.027539044618606567,-0.9996206760406494,0,0.9999939799308777,-0.00346656097099185,0.00028929999098181725,0,-0.0004386483633425087,-0.10807187110185623,0.6710437536239624,1],[7,-0.0015009961789473891,-0.9731587767601013,0.230129674077034,0,0.000660114164929837,-0.23013083636760712,-0.9731594324111938,0,0.9999986886978149,-0.0013087966945022345,0.0009878213750198483,0,-0.0005006007268093526,0.11700613796710968,0.6790027022361755,1],[7,-0.9998729825019836,-0.015933722257614136,-0.00022562179947271943,0,0.015935301780700684,-0.9997506737709045,-0.015643438324332237,0,0.00002369266439927742,-0.015645047649741173,0.9998775720596313,0,-0.10816072672605515,0.20393860340118408,0.0012326306896284223,1],[7,-0.9997898936271667,-0.018797388300299644,0.008176284842193127,0,0.016132256016135216,-0.4754382073879242,0.8796011805534363,0,-0.012646886520087719,0.8795482516288757,0.47564154863357544,0,-0.10816765576601028,0.017774876207113266,-0.03443388268351555,1],[7,-0.9989773631095886,0.002966353204101324,0.04511547461152077,0,0.04511091858148575,-0.001585055491887033,0.9989807605743408,0,0.00303484033793211,0.9999943375587463,0.0014496196527034044,0,-0.10924368351697922,-0.06763682514429092,0.001414368744008243,1],[7,0.022188138216733932,-0.9997534155845642,-0.000887253088876605,0,0.0009005917818285525,0.0009074585977941751,-0.9999992251396179,0,0.9997534155845642,0.02218732051551342,0.0009205045062117279,0,0.008921638131141663,-0.3834550380706787,0.6604083180427551,1],[7,0.022188138216733932,-0.9997534155845642,-0.000887253088876605,0,0.0009005917818285525,0.0009074585977941751,-0.9999992251396179,0,0.9997534155845642,0.02218732051551342,0.0009205045062117279,0,0.008921638131141663,-0.5221813321113586,0.6604083180427551,1]],8,8,8,8,8,8,8,8,8,8,8,8,8,8,8,8,8,8,8,8,8,8]]],0,0,[],[],[]],[[[7,".bin",3519963427,[{"primitives":[{"primitiveMode":7,"jointMapIndex":0,"vertexBundelIndices":[0],"indexView":{"offset":26064,"length":2268,"count":1134,"stride":2}},{"primitiveMode":7,"jointMapIndex":0,"vertexBundelIndices":[1],"indexView":{"offset":36828,"length":540,"count":270,"stride":2}}],"vertexBundles":[{"view":{"offset":0,"length":26064,"count":362,"stride":72},"attributes":[{"name":"a_position","format":32,"isNormalized":false},{"name":"a_normal","format":32,"isNormalized":false},{"name":"a_texCoord","format":21,"isNormalized":false},{"name":"a_tangent","format":44,"isNormalized":false},{"name":"a_joints","format":42,"isNormalized":false},{"name":"a_weights","format":44,"isNormalized":false}]},{"view":{"offset":28332,"length":8496,"count":118,"stride":72},"attributes":[{"name":"a_position","format":32,"isNormalized":false},{"name":"a_normal","format":32,"isNormalized":false},{"name":"a_texCoord","format":21,"isNormalized":false},{"name":"a_tangent","format":44,"isNormalized":false},{"name":"a_joints","format":42,"isNormalized":false},{"name":"a_weights","format":44,"isNormalized":false}]}],"jointMaps":[[0,1,2,3,4,5,6,7,8,9,10,11,12,13,14,15,16,17,18,19,20,21]]},"minPosition",8,[1,-0.6002818942070007,0.0006373806390911341,-0.40735846757888794],"maxPosition",8,[1,0.6002818942070007,2.1469838619232178,0.4073593020439148]]],-1],0,0,[],[],[]],[[[5,"Bomb_Soldier-boom",[{"rasterizerState":{},"depthStencilState":{},"blendState":{"targets":[{}]}},{"rasterizerState":{},"depthStencilState":{},"blendState":{"targets":[{}]}},{"rasterizerState":{},"depthStencilState":{},"blendState":{"targets":[{}]}},{"rasterizerState":{},"depthStencilState":{},"blendState":{"targets":[{}]}}],[{"USE_INSTANCING":true,"USE_BASE_COLOR_MAP":true},{"USE_INSTANCING":true,"USE_BASE_COLOR_MAP":true,"BASE_COLOR_MAP_AS_SHADE_MAP_1":true,"BASE_COLOR_MAP_AS_SHADE_MAP_2":true},{},{}],[[{},[{},"hitColor",8,[4,4289506476],"mainColor",8,[4,4294967295],"specular",8,[4,16777215],"mainTexture",6,0],{},{}],0,11,0,0]]],0,0,[0,0],[1,2],[0,1]],[[[8,"enemyBomb"],[9,"enemyBomb",[-5,-6],[[14,-2,[4,"8bSgdxn3ZNgphdQzk7OjEA"],[2,3,4,5],6],[15,-4,[4,"17aEzLmoVL25GiLKbZMkPP"],-3]],[0,"8dZSqwQIhOF6y/VGkCaaJY",null,null,null,-1,0]],[1,"mixamorig:Hips",1,[-7,-8,-9],[0,"452KALr35Bx4Q8LC2N7yj0",null,null,null,1,0],[1,-0.000004353360964159947,0.4216196537017822,-0.0066151367500424385],[3,-9.737885164523742e-8,-0.00000309128381547475,0.000008172204615818354,0.9999999999618248],[1,-0.000011155899546107505,-0.00035423494065169974,0.0009364657021083895]],[10,"mixamorig:Spine2",[-10,-11,-12],[0,"6bdxXCIB1Jip0av3i2Nt1t",null,null,null,1,0],[1,0,0.07320895791053772,-1.1102229998097382e-18]],[12,"Bomb_Soldier",1,[-13],[0,"18VBB+2v5Af7gN/2EblbTs",null,null,null,1,0]],[16,4,[4,"b3Y2qBoWlFc7LX0S3u8wyb"],[0,1],[17],1],[1,"mixamorig:Spine",2,[-14],[0,"3bUcDQLTNKq75SSxTWJzIP",null,null,null,1,0],[1,-2.91038298062124e-13,0.054906729608774185,-0.00003661811206256971],[3,-0.00033339360512665486,0.000003094006855077508,-0.000008171172372253536,0.99999994438618],[1,-0.038204090795134794,0.00035423487726375544,-0.0009364655329014713]],[11,"mixamorig:Spine1",6,[3],[0,"2fkNpKigNInKbaBhia9aTR",null,null,null,1,0],[1,0,0.06405792385339737,0]],[1,"mixamorig:Neck",3,[-15],[0,"f1Z55IUddNOLVSjm1mc3ga",null,null,null,1,0],[1,1.0842021482516974e-21,0.08235996216535568,-1.19209286886246e-9],[3,0.0003334598163465749,-4.255695476712457e-14,-2.2738806913819737e-13,0.999999944402274],[1,0.03821168093589342,-4.867978642853624e-12,-2.6058378070546146e-11]],[13,"mixamorig:Head",8,[[2,"mixamorig:HeadTop_End",-16,[0,"2dYb55IwFAYo9dWx3ZZ90T",null,null,null,1,0],[1,-1.164153192248496e-12,0.2504920959472656,-0.006464891601353884]]],[0,"08AKm1XaxJH6gluLBjPuEf",null,null,null,1,0],[1,0,0.019333038479089737,0.015434600412845612]],[1,"mixamorig:LeftShoulder",3,[-17],[0,"161WAFQUFAt4qx1a5c8iFc",null,null,null,1,0],[1,0.04239387437701225,0.0725061446428299,0.000049992799176834524],[3,0.5541086708198005,0.43942957444448144,-0.5534503375283252,0.4399522177642009],[1,103.1021226489113,89.93188985601059,0.00000389570161917414]],[1,"mixamorig:LeftArm",10,[-18],[0,"7eCkyKnOlMz43E49WuxR2X",null,null,null,1,0],[1,-1.19209286886246e-9,0.08643729239702225,1.5258788721439487e-7],[3,-0.11410121179870687,0.0007529221676535407,-0.0006849062230183835,0.9934686092060191],[1,-13.103522089308342,0.07675994602471795,-0.08781637776380434]],[3,"mixamorig:LeftForeArm",11,[[2,"mixamorig:LeftHand",-19,[0,"4dszLj52BMIKGMfEq4gw9H",null,null,null,1,0],[1,1.1102229998097382e-18,0.13879093527793884,1.5258788721439487e-7]]],[0,"f1x+igL71CHbCA2Cj/NfY0",null,null,null,1,0],[1,1.19209286886246e-9,0.25656405091285706,0],[3,-3.6610200396909345e-7,-0.0003146529520515236,-2.4395714850426084e-7,0.9999999504966618],[1,-0.00004196099357922628,-0.03605657293297687,-0.000027942228215409374]],[1,"mixamorig:RightShoulder",3,[-20],[0,"83QpeyJ5BLsovPSf++MD7Q",null,null,null,1,0],[1,-0.04239387437701225,0.07250621914863586,-0.00006313681660685688],[3,0.5533689913731988,-0.44001552917429826,0.5541982111998859,0.439355705749814],[1,103.10320539201632,-90.08586614718403,-0.00009205835684396462]],[1,"mixamorig:RightArm",13,[-21],[0,"dcDt0g1kVBLYcrlzv202ia",null,null,null,1,0],[1,5.9604643443123e-10,0.08643731474876404,0],[3,-0.11410001220895384,-0.0002808797945692535,-0.0007218438157993725,0.9934689664312435],[1,-13.10346805003026,-0.04141431969917211,-0.07850452918155448]],[3,"mixamorig:RightForeArm",14,[[2,"mixamorig:RightHand",-22,[0,"16zUHEzfdHWKB38CwMQfm9",null,null,null,1,0],[1,-1.1102229998097382e-18,0.13872630894184113,1.4210854397564648e-16]]],[0,"b8nvrvsoRCdZskqU3YOjdM",null,null,null,1,0],[1,-1.19209286886246e-9,0.25656023621559143,1.5258788721439487e-7],[3,3.5252571118766624e-7,0.0001825599726135283,-4.3464793705985116e-7,0.9999999833357714],[1,0.000040405562930413936,0.020919832011324194,-0.000049799609126595364]],[1,"mixamorig:LeftUpLeg",2,[-23],[0,"c0s6deh/1KjrcdIY/YFZ9v",null,null,null,1,0],[1,0.09703633189201355,-0.030485115945339203,0.003577707102522254],[3,0.00017041395619667223,0.028180859738348652,0.9995843085306303,-0.006084426253373374],[1,-176.76998586353218,-179.96082885162477,-0.6964008908839551]],[1,"mixamorig:LeftLeg",16,[-24],[0,"0e1VWWQhlKYrJ2Vvk/hxKo",null,null,null,1,0],[1,1.907348590179936e-8,0.18707484006881714,-4.76837147544984e-9],[3,-0.09407172135406057,0.0008322747698213519,-0.012998353390526027,0.995480216463053],[1,-10.797295212793955,-0.04519469861245564,-1.4919097156336631]],[1,"mixamorig:LeftFoot",17,[-25],[0,"1bCJCf5NlDf5m/k1/UGur6",null,null,null,1,0],[1,0,0.16534362733364105,5.9604645663569045e-9],[3,0.5751683133076432,0.0017385172010915702,0.016211770523157684,0.8178725863001445],[1,70.2464736698995,-0.9059787552996261,1.6341943707000144]],[3,"mixamorig:LeftToeBase",18,[[2,"mixamorig:LeftToe_End",-26,[0,"69FBq5hN1AGqhFktaCS6Mp",null,null,null,1,0],[1,1.907348590179936e-8,0.03915580362081528,4.163336249286518e-19]]],[0,"9fabIz4JJEDooLX+2/36pv",null,null,null,1,0],[1,-1.776356799695581e-17,0.08076474070549011,-4.76837147544984e-9],[3,0.23567411270156405,0.015800144501014315,-0.003832148615433711,0.9716961370063519],[1,27.266398938117387,1.863137609481614,1.1800430974365547e-7]],[1,"mixamorig:RightUpLeg",2,[-27],[0,"202EKUiPBFRr5ITWe2LKBT",null,null,null,1,0],[1,-0.09703633189201355,-0.030485115945339203,0.002015936654061079],[3,-0.000155334711013075,0.02886291795735282,0.9995648916887345,0.006077428848045366],[1,-176.69180264421664,179.9621041301668,0.6956223554260791]],[1,"mixamorig:RightLeg",20,[-28],[0,"f7NXYNaAhF9IgJRskPHhpV",null,null,null,1,0],[1,-1.776356799695581e-17,0.18707498908042908,-4.76837147544984e-9],[3,-0.09083597434013557,-0.0007770035361036845,0.012976807644964415,0.995781012318737],[1,-10.424890464667817,0.04642934376993241,1.4890143090371661]],[1,"mixamorig:RightFoot",21,[-29],[0,"e30im+Tw1Cn6SEGogybJwO",null,null,null,1,0],[1,0,0.16518788039684296,-2.2204459996194763e-18],[3,0.5643398206268513,-0.0012337726163887872,-0.01623571489500914,0.8253820001804208],[1,68.73647076604645,0.9336606364282088,-1.615603714746797]],[3,"mixamorig:RightToeBase",22,[[2,"mixamorig:RightToe_End",-30,[0,"b0MylgyMdJ9YZPbuU6pSFn",null,null,null,1,0],[1,-1.776356799695581e-17,0.03906244412064552,-2.7755574995243454e-19]]],[0,"23ueIVhDVIuI7bj5QH9YkL",null,null,null,1,0],[1,-1.907348590179936e-8,0.07798276096582413,-2.38418573772492e-9],[3,0.24466954621584214,-0.015978822778449534,0.004032659418532338,0.9694664656578705],[1,28.328538947131406,-1.8885360232004083,-3.718014966451966e-7]]],0,[0,4,1,0,3,1,0,5,5,0,3,1,0,-1,4,0,-2,2,0,-1,6,0,-2,16,0,-3,20,0,-1,8,0,-2,10,0,-3,13,0,-1,5,0,-1,7,0,-1,9,0,0,9,0,-1,11,0,-1,12,0,0,12,0,-1,14,0,-1,15,0,0,15,0,-1,17,0,-1,18,0,-1,19,0,0,19,0,-1,21,0,-1,22,0,-1,23,0,0,23,0,6,1,3,0,7,30],[0,0,0,0,0,0,0,5,5],[-1,-2,-1,-2,-3,-4,7,8,9],[3,4,5,2,6,7,2,8,9]]]]
